CLUSTER 0
====================================
                0              1            2            3              4            5            6            7            8            9            10           11
count  2212.000000    2212.000000  2212.000000  2212.000000    2212.000000  2212.000000  2212.000000  2212.000000  2212.000000  2212.000000  2212.000000  2212.000000
mean      0.509042  128118.506329   193.779385    24.251356  487948.051989   641.664105    18.868445     6.014919     1.540235     1.784358     2.506781     0.823237
std       0.500031   22094.988032    42.807027    26.799085  250777.560904   159.406432     6.851884     4.408192     1.623468     1.494168     1.317677     0.381554
min       0.000000   28169.000000     0.000000     0.000000  150002.000000   145.000000     0.000000     1.000000     0.000000     0.000000     0.000000     0.000000
25%       0.000000  113692.000000   177.000000     0.000000  265302.250000   517.000000    14.000000     2.000000     0.000000     1.000000     1.000000     1.000000
50%       1.000000  130345.500000   198.000000    15.000000  445458.500000   652.000000    19.000000     5.000000     1.000000     1.000000     3.000000     1.000000
75%       1.000000  145875.750000   220.000000    42.000000  692684.250000   778.000000    24.000000     9.000000     3.000000     3.000000     3.250000     1.000000
max       1.000000  159945.000000   301.000000    89.000000  999970.000000   899.000000    29.000000    15.000000     4.000000     4.000000     4.000000     1.000000
====================================

CLUSTER 1
====================================
                0              1            2            3              4            5            6            7            8            9            10           11
count  6061.000000    6061.000000  6061.000000  6061.000000    6061.000000  6061.000000  6061.000000  6061.000000  6061.000000  6061.000000  6061.000000  6061.000000
mean      0.509157   56155.759116    32.074080     7.649233  495074.023923   263.200792     2.608810     8.176044     1.572843     1.834021     2.430292     0.326349
std       0.499957   25797.645703    39.576282     9.763324  251585.049097    94.223010     3.132326     3.947660     1.625858     1.517175     1.338920     0.468915
min       0.000000   20007.000000    -2.000000     0.000000  150121.000000   130.000000     0.000000     1.000000     0.000000     0.000000     0.000000     0.000000
25%       0.000000   34681.000000     0.000000     0.000000  265612.000000   188.000000     1.000000     5.000000     0.000000     1.000000     1.000000     0.000000
50%       1.000000   49845.000000     0.000000     0.000000  454435.000000   248.000000     1.000000     8.000000     1.000000     1.000000     3.000000     0.000000
75%       1.000000   76371.000000    60.000000    15.000000  701621.000000   329.000000     4.000000    12.000000     4.000000     4.000000     3.000000     1.000000
max       1.000000  158418.000000   263.000000    83.000000  999996.000000   867.000000    29.000000    15.000000     4.000000     4.000000     4.000000     1.000000
====================================

CLUSTER 2
====================================
                0              1            2            3              4            5            6            7            8            9            10           11
count  3716.000000    3716.000000  3716.000000  3716.000000    3716.000000  3716.000000  3716.000000  3716.000000  3716.000000  3716.000000  3716.000000  3716.000000
mean      0.487352   66323.284446    45.672497    60.665501  499972.550323   305.003767     3.528525     1.786598     1.581270     1.797363     2.527449     0.511572
std       0.499907   33610.390811    56.789826    18.825852  254140.514021   137.910943     4.494051     1.424433     1.625707     1.514436     1.301226     0.499933
min       0.000000   20013.000000     0.000000     9.000000  150027.000000   130.000000     0.000000     1.000000     0.000000     0.000000     0.000000     0.000000
25%       0.000000   38391.250000     0.000000    45.000000  265500.000000   203.000000     1.000000     1.000000     0.000000     1.000000     1.000000     0.000000
50%       0.000000   60413.500000    42.000000    62.500000  465251.000000   280.000000     3.000000     2.000000     1.000000     1.000000     3.000000     1.000000
75%       1.000000   89579.500000    66.000000    77.000000  715435.750000   367.000000     4.000000     2.000000     4.000000     4.000000     4.000000     1.000000
max       1.000000  159651.000000   262.000000    89.000000  999166.000000   894.000000    29.000000    15.000000     4.000000     4.000000     4.000000     1.000000
====================================

CLUSTER 3
====================================
                0              1            2            3             4            5            6            7            8            9            10           11
count  4106.000000    4106.000000  4106.000000  4106.000000    4106.00000  4106.000000  4106.000000  4106.000000  4106.000000  4106.000000  4106.000000  4106.000000
mean      0.491476   56220.614710   195.483195    19.854603  489171.70604   263.136142    19.296639     6.268875     1.519971     1.811008     2.552362     0.597662
std       0.499988   25241.175259    40.703561    23.476592  252382.61773    93.239457     6.480152     4.321523     1.627479     1.513185     1.314516     0.490429
min       0.000000   20009.000000     0.000000     0.000000  150015.00000   130.000000     0.000000     1.000000     0.000000     0.000000     0.000000     0.000000
25%       0.000000   35092.500000   178.250000     0.000000  258729.50000   188.000000    15.000000     2.000000     0.000000     1.000000     1.000000     0.000000
50%       0.000000   50078.000000   200.000000    12.000000  441448.50000   251.000000    20.000000     5.000000     1.000000     1.000000     3.000000     1.000000
75%       1.000000   76482.000000   220.000000    29.000000  698590.50000   330.000000    25.000000    10.000000     3.000000     4.000000     4.000000     1.000000
max       1.000000  158102.000000   335.000000    89.000000  999989.00000   888.000000    29.000000    15.000000     4.000000     4.000000     4.000000     1.000000
====================================

CLUSTER 4
                                                                                                                              ====================================
                0              1            2            3              4            5            6            7            8            9            10           11
count  3905.000000    3905.000000  3905.000000  3905.000000    3905.000000  3905.000000  3905.000000  3905.000000  3905.000000  3905.000000  3905.000000  3905.000000
mean      0.513956  129211.675800    31.799488    18.184635  490828.044302   656.555698     2.591805     6.352369     1.604353     1.824072     2.492446     0.434827
std       0.499869   21348.244361    37.561227    21.583413  252931.135922   151.902769     2.888171     4.251782     1.643396     1.509884     1.329831     0.495798
min       0.000000   21451.000000     0.000000     0.000000  150167.000000   132.000000     0.000000     1.000000     0.000000     0.000000     0.000000     0.000000
25%       0.000000  115084.000000     0.000000     0.000000  261640.000000   538.000000     1.000000     2.000000     0.000000     1.000000     1.000000     0.000000
50%       1.000000  131282.000000     0.000000    12.000000  446349.000000   667.000000     3.000000     5.000000     1.000000     1.000000     3.000000     0.000000
75%       1.000000  146173.000000    60.000000    24.000000  704177.000000   783.000000     4.000000    10.000000     4.000000     4.000000     4.000000     1.000000
max       1.000000  159983.000000   251.000000    89.000000  999651.000000   899.000000    28.000000    15.000000     4.000000     4.000000     4.000000     1.000000
====================================
